0 0 2 3
0 4 2 7
0 8 1 11
0 12 2 14
0 15 2 18
0 19 2 21
0 22 2 25
0 26 1 29
0 30 2 33
0 34 2 37
0 38 2 40
0 41 2 44
0 45 2 48
0 49 2 51
0 52 2 55
0 56 2 58
0 59 2 61
0 62 3 64
0 65 2 67
0 68 2 70
0 71 2 74
0 75 2 77
0 78 2 80
0 81 2 83
0 84 2 86
0 87 2 90
0 91 3 93
0 94 2 96
0 97 2 99
0 100 2 103
0 104 2 106
0 107 2 110
0 111 2 113
0 114 2 116
0 117 2 119
0 120 2 123
0 124 2 127
0 128 1 131
0 132 3 134
0 135 2 138
0 139 1 142
0 143 2 146
0 147 2 149
0 150 1 153
0 154 2 157
0 158 1 161
0 162 2 164
0 165 2 168
0 169 2 171
0 172 2 174
0 175 2 177
0 178 2 180
0 181 1 184
0 185 3 187
0 188 2 190
0 191 2 194
0 195 0 205
0 206 2 208
0 209 2 211
0 212 2 214
0 215 2 217
0 218 1 221
0 222 2 224
0 225 8 225
0 226 3 228
0 229 2 231
0 232 2 235
0 236 2 238
0 239 2 241
0 242 1 245
0 246 3 248
0 249 9 249
1 195 6 196
1 197 6 198
1 199 2 204
1 205 8 205
2 8 4 11
2 26 4 28
2 29 10 29
2 128 4 131
2 139 4 141
2 142 9 142
2 150 4 152
2 158 4 161
2 181 4 184
2 218 4 221
2 242 4 245
3 0 5 2
3 3 5 6
3 12 5 14
3 15 5 17
3 18 5 21
3 22 4 25
3 30 5 32
3 33 5 35
3 36 5 38
3 39 5 41
3 42 6 44
3 45 5 48
3 49 4 53
3 54 5 56
3 57 4 60
3 65 5 67
3 68 5 71
3 72 5 75
3 76 5 79
3 80 6 82
3 83 7 84
3 85 4 90
3 94 5 97
3 98 5 100
3 101 5 103
3 104 12 104
3 105 5 108
3 109 5 111
3 112 5 114
3 115 5 117
3 118 5 121
3 122 5 124
3 125 6 127
3 135 5 137
3 143 5 145
3 146 5 148
3 153 5 155
3 156 6 157
3 162 5 164
3 165 5 167
3 168 5 170
3 171 4 174
3 175 5 177
3 178 5 180
3 188 5 191
3 192 5 194
3 199 5 201
3 202 6 204
3 206 5 209
3 210 5 213
3 214 5 216
3 222 6 224
3 229 5 232
3 233 5 236
3 237 12 237
3 238 14 238
3 239 8 240
3 241 12 241
4 61 6 64
4 91 6 93
4 132 7 134
4 149 13 149
4 185 6 187
4 226 9 227
4 246 6 248
5 7 7 9
5 10 9 11
5 22 7 25
5 26 8 28
5 49 12 49
5 50 7 53
5 57 7 59
5 85 7 88
5 89 10 90
5 128 6 131
5 138 13 138
5 150 7 152
5 158 6 161
5 171 7 174
5 181 7 183
5 217 7 220
5 242 7 245
6 0 8 2
6 3 8 5
6 12 8 15
6 16 7 19
6 20 10 21
6 30 8 32
6 33 8 35
6 36 8 39
6 40 9 41
6 45 8 48
6 54 8 56
6 65 8 68
6 69 8 72
6 73 8 75
6 76 8 78
6 94 8 96
6 97 8 99
6 100 8 102
6 105 15 105
6 106 8 109
6 110 7 115
6 116 8 119
6 120 8 122
6 123 10 124
6 135 8 137
6 139 15 139
6 140 14 140
6 141 15 141
6 143 8 145
6 146 9 148
6 153 11 154
6 155 13 155
6 162 8 165
6 166 8 169
6 175 7 178
6 188 8 190
6 191 9 193
6 199 8 201
6 206 8 208
6 209 7 212
6 213 8 215
6 228 8 231
6 232 8 234
6 235 15 235
7 42 10 44
7 60 8 64
7 79 8 82
7 91 9 93
7 125 9 127
7 128 9 130
7 156 9 159
7 161 15 161
7 184 9 186
7 194 8 197
7 202 10 204
7 221 9 223
7 224 14 224
7 246 9 248
8 6 9 9
8 16 10 18
8 22 10 24
8 50 10 53
8 57 10 59
8 83 10 85
8 86 10 88
8 110 10 113
8 114 11 115
8 131 10 133
8 150 10 152
8 170 10 172
8 173 10 175
8 176 10 179
8 180 10 183
8 209 10 211
8 216 10 218
8 219 12 220
8 242 10 244
9 0 11 3
9 12 11 14
9 25 11 28
9 30 11 32
9 33 11 35
9 36 11 38
9 45 11 47
9 54 12 56
9 60 11 62
9 63 11 65
9 66 11 68
9 69 11 72
9 73 11 76
9 77 11 79
9 80 11 82
9 94 10 97
9 98 11 101
9 102 17 102
9 106 11 109
9 116 11 118
9 119 11 122
9 134 10 137
9 143 12 145
9 162 11 164
9 165 11 167
9 168 13 169
9 187 11 189
9 194 11 196
9 197 11 199
9 200 13 201
9 205 11 207
9 212 11 215
9 228 11 231
9 232 11 234
9 239 12 240
10 4 11 7
10 8 12 10
10 19 19 19
10 39 12 41
10 91 12 93
10 125 12 127
10 128 12 130
10 142 17 142
10 146 12 148
10 156 12 159
10 160 19 160
10 184 13 186
10 190 12 192
10 221 12 223
10 225 14 226
10 245 12 248
10 249 17 249
11 15 14 17
11 20 13 22
11 23 16 24
11 42 14 44
11 50 19 50
11 51 14 53
11 57 14 59
11 83 12 87
11 88 13 90
11 94 13 97
11 110 12 113
11 123 14 124
11 131 13 133
11 134 13 136
11 150 13 152
11 170 12 175
11 176 13 178
11 179 13 182
11 202 13 204
11 208 13 210
11 216 13 218
11 242 15 243
12 0 14 3
12 6 16 7
12 11 14 13
12 25 14 27
12 28 14 31
12 32 14 34
12 35 15 37
12 38 20 38
12 45 14 48
12 60 14 62
12 63 14 65
12 66 14 68
12 69 17 70
12 71 15 73
12 74 14 76
12 77 14 80
12 81 17 82
12 98 15 100
12 106 14 108
12 114 14 116
12 117 14 120
12 121 16 122
12 153 17 154
12 162 13 165
12 166 16 167
12 187 15 189
12 193 14 196
12 197 15 199
12 205 15 207
12 211 14 213
12 214 16 215
12 227 14 230
12 231 14 233
13 8 16 10
13 40 17 41
13 54 15 56
13 83 15 86
13 91 16 93
13 103 18 104
13 109 14 112
13 125 15 127
13 128 16 130
13 143 15 146
13 156 15 158
13 159 23 159
13 170 16 172
13 173 15 175
13 190 16 192
13 219 14 222
13 223 20 223
13 236 17 237
13 239 15 241
13 244 15 246
13 247 16 248
14 4 24 4
14 20 16 22
14 87 16 90
14 94 16 96
14 131 15 134
14 135 18 136
14 138 21 138
14 147 16 150
14 151 18 152
14 162 17 164
14 165 21 165
14 168 17 169
14 176 16 178
14 179 15 182
14 183 17 185
14 200 16 202
14 203 18 204
14 208 16 210
14 216 17 218
15 0 17 2
15 11 17 13
15 14 17 16
15 17 20 18
15 25 17 27
15 28 17 30
15 31 17 33
15 42 17 44
15 45 17 48
15 51 18 53
15 57 17 60
15 61 17 64
15 65 17 67
15 74 17 77
15 78 26 78
15 79 19 80
15 106 17 109
15 110 16 114
15 115 17 118
15 119 19 120
15 123 18 124
15 140 23 140
15 155 23 155
15 193 17 196
15 211 17 213
15 219 17 222
15 224 16 227
15 228 18 230
15 232 18 234
16 34 19 36
16 37 24 37
16 54 18 56
16 71 19 73
16 83 19 85
16 86 26 86
16 98 25 98
16 99 21 100
16 125 19 127
16 131 18 134
16 143 18 146
16 156 18 158
16 173 18 175
16 179 18 182
16 186 18 188
16 197 18 199
16 205 18 207
16 238 18 240
16 241 18 243
16 244 18 246
17 5 19 7
17 8 19 10
17 20 19 22
17 23 21 24
17 87 19 90
17 91 19 94
17 95 20 97
17 110 19 113
17 128 19 130
17 147 19 149
17 166 24 166
17 170 19 172
17 176 19 178
17 189 19 192
17 200 20 202
17 208 20 210
17 214 21 215
17 224 19 227
17 247 20 248
18 0 20 2
18 11 21 13
18 15 22 16
18 25 21 27
18 28 20 31
18 32 22 33
18 39 20 42
18 43 19 46
18 47 20 49
18 57 20 60
18 61 19 64
18 65 20 67
18 68 20 70
18 74 20 77
18 81 22 82
18 101 23 102
18 105 20 107
18 108 21 109
18 114 20 117
18 118 26 118
18 121 22 122
18 141 22 142
18 153 23 154
18 161 19 164
18 167 21 169
18 183 21 185
18 193 20 195
18 211 20 213
18 216 19 219
18 220 20 222
18 235 22 236
18 249 25 249
19 51 21 53
19 54 22 56
19 103 22 104
19 123 22 124
19 131 21 133
19 134 21 137
19 143 20 146
19 150 23 151
19 156 22 158
19 173 21 175
19 179 22 181
19 186 22 188
19 196 21 199
19 203 21 205
19 206 23 207
19 228 22 230
19 231 21 233
19 237 24 238
19 239 22 241
19 242 21 244
19 245 22 246
20 5 22 8
20 9 23 10
20 19 21 22
20 34 22 36
20 43 22 45
20 61 22 63
20 71 30 71
20 72 31 72
20 73 28 73
20 79 24 80
20 83 22 85
20 87 22 89
20 90 22 92
20 93 23 94
20 110 22 112
20 119 24 120
20 125 21 130
20 147 23 149
20 160 21 163
20 170 22 172
20 176 30 176
20 177 30 177
20 178 28 178
20 189 22 191
20 216 21 219
20 224 23 226
21 0 23 2
21 17 25 18
21 28 23 31
21 38 23 40
21 41 26 42
21 46 23 49
21 57 23 59
21 64 23 66
21 67 22 70
21 74 23 76
21 95 23 97
21 105 23 107
21 113 23 115
21 143 23 145
21 192 24 194
21 195 31 195
21 200 24 202
21 208 23 211
21 220 23 223
21 227 28 227
21 247 26 248
22 11 26 12
22 13 26 14
22 19 24 22
22 23 23 26
22 50 25 52
22 99 25 100
22 108 26 109
22 117 31 117
22 125 26 126
22 127 24 130
22 131 24 133
22 134 23 137
22 138 25 139
22 160 24 162
22 163 24 165
22 167 25 169
22 173 25 175
22 182 24 184
22 196 23 199
22 203 24 205
22 212 24 214
22 215 24 218
22 231 24 233
22 242 24 244
23 6 26 8
23 15 27 16
23 32 25 35
23 43 25 45
23 53 25 55
23 60 25 62
23 67 25 70
23 81 25 83
23 87 25 89
23 90 26 92
23 103 26 104
23 110 26 112
23 121 25 123
23 141 27 142
23 156 26 158
23 170 26 172
23 179 26 181
23 185 25 187
23 188 25 191
23 228 28 229
23 234 26 236
23 239 25 241
23 245 26 246
24 0 26 3
24 9 28 10
24 23 26 25
24 26 26 28
24 29 27 31
24 46 26 49
24 56 26 58
24 63 26 66
24 74 26 76
24 84 29 85
24 93 26 95
24 96 29 97
24 101 28 102
24 105 26 107
24 113 26 115
24 134 26 137
24 143 26 146
24 147 26 150
24 151 26 153
24 154 32 154
24 155 31 155
24 196 29 197
24 206 25 209
24 219 26 222
24 223 26 225
25 4 29 5
25 19 28 21
25 36 28 38
25 39 30 40
25 79 29 80
25 119 28 120
25 127 27 129
25 130 27 132
25 159 27 162
25 163 27 166
25 182 27 184
25 192 27 194
25 198 27 201
25 210 27 213
25 214 27 216
25 217 30 218
25 230 27 233
25 237 29 238
25 242 27 244
26 17 30 18
26 32 29 34
26 43 29 45
26 50 28 52
26 53 28 55
26 59 28 61
26 67 28 70
26 82 30 83
26 87 28 89
26 99 31 100
26 121 28 123
26 138 28 140
26 167 28 169
26 173 28 175
26 185 28 187
26 188 28 190
26 202 31 203
26 204 28 207
26 208 30 209
26 239 29 241
26 249 37 249
27 0 30 2
27 6 29 8
27 11 29 13
27 22 29 24
27 25 29 27
27 41 30 42
27 46 29 48
27 56 30 58
27 62 29 64
27 65 30 66
27 74 29 76
27 77 31 78
27 90 29 92
27 93 29 95
27 103 30 105
27 106 29 108
27 109 29 112
27 113 30 115
27 125 32 126
27 133 29 135
27 136 32 137
27 143 28 146
27 147 30 149
27 150 29 152
27 156 29 158
27 170 29 172
27 179 29 181
27 219 29 221
27 222 29 225
27 234 30 236
27 245 29 247
27 248 35 248
28 14 31 16
28 28 30 31
28 116 35 116
28 124 38 124
28 127 30 130
28 131 33 132
28 141 32 142
28 159 29 163
28 164 30 166
28 182 31 184
28 191 30 193
28 198 30 200
28 210 30 212
28 213 30 215
28 230 30 232
28 242 31 244
29 9 33 10
29 19 37 19
29 20 34 21
29 35 31 38
29 49 31 51
29 52 31 54
29 59 32 61
29 67 30 70
29 86 31 88
29 98 36 98
29 101 34 102
29 118 30 121
29 122 32 123
29 138 31 140
29 143 30 146
29 167 31 169
29 173 31 175
29 185 30 188
29 204 31 206
29 226 31 228
30 3 32 5
30 7 37 7
30 11 32 13
30 22 31 25
30 26 34 27
30 32 32 34
30 43 32 45
30 46 32 48
30 62 32 64
30 74 33 76
30 79 32 81
30 84 35 85
30 89 32 92
30 93 32 96
30 106 32 108
30 109 32 111
30 133 32 135
30 150 32 152
30 156 33 158
30 159 32 162
30 163 39 163
30 170 32 172
30 178 32 181
30 189 35 190
30 196 34 197
30 219 32 222
30 223 32 225
30 237 31 240
30 245 32 247
31 0 34 2
31 6 40 6
31 8 40 8
31 17 36 18
31 28 33 31
31 39 33 41
31 55 33 57
31 65 32 68
31 69 33 71
31 82 36 83
31 103 33 105
31 112 33 114
31 118 33 120
31 127 33 129
31 144 33 147
31 148 36 149
31 164 33 166
31 185 33 187
31 191 34 193
31 198 33 201
31 207 32 211
31 212 33 215
31 216 33 218
31 229 33 231
31 232 33 234
32 14 34 16
32 22 34 24
32 35 34 37
32 49 34 52
32 53 36 54
32 72 37 73
32 77 36 78
32 86 34 88
32 99 36 100
32 138 34 140
32 143 39 143
32 167 37 168
32 173 36 174
32 175 37 176
32 182 36 183
32 194 35 195
32 202 34 204
32 206 41 206
32 226 34 228
32 235 34 238
32 239 34 242
32 243 36 244
33 3 41 3
33 5 40 5
33 11 35 13
33 32 35 34
33 42 35 44
33 46 36 48
33 58 35 60
33 61 35 63
33 64 35 67
33 68 41 68
33 79 35 81
33 89 35 92
33 93 35 95
33 106 35 109
33 121 35 123
33 125 37 126
33 133 36 135
33 136 36 137
33 141 37 142
33 150 34 153
33 154 36 155
33 159 35 161
33 169 35 171
33 177 35 179
33 180 37 181
33 205 42 205
33 207 38 208
33 209 40 209
33 210 37 211
33 219 35 221
33 222 35 225
33 245 36 247
34 9 38 10
34 28 36 31
34 38 36 40
34 55 37 57
34 69 39 70
34 74 37 76
34 97 42 97
34 103 39 104
34 105 45 105
34 110 37 112
34 113 39 114
34 117 37 119
34 127 36 129
34 131 39 132
34 144 36 146
34 156 36 158
34 164 36 166
34 184 37 186
34 187 38 188
34 198 36 200
34 212 36 214
34 215 36 217
34 229 36 231
34 232 36 234
35 0 37 2
35 4 46 4
35 14 38 16
35 20 37 23
35 24 36 27
35 35 38 37
35 49 37 52
35 86 37 88
35 101 39 102
35 138 38 140
35 150 37 153
35 191 38 193
35 196 39 197
35 201 37 203
35 226 37 228
35 235 37 237
35 238 37 240
35 241 39 242
36 11 39 13
36 32 39 34
36 41 38 43
36 44 41 45
36 58 38 61
36 62 38 65
36 66 40 67
36 71 45 71
36 79 38 81
36 84 40 85
36 89 38 91
36 92 38 95
36 106 38 108
36 115 41 116
36 120 38 123
36 130 43 130
36 160 39 162
36 169 38 171
36 177 38 179
36 189 40 190
36 218 38 221
36 222 41 223
36 224 45 224
36 248 44 248
37 17 41 18
37 24 39 26
37 27 39 29
37 30 41 31
37 38 40 40
37 46 40 48
37 53 42 54
37 77 40 78
37 98 40 100
37 127 39 129
37 133 39 136
37 144 39 146
37 147 40 149
37 154 39 156
37 157 39 159
37 164 40 166
37 172 41 173
37 198 40 200
37 212 39 215
37 216 41 217
37 225 48 225
37 229 39 231
37 232 39 234
37 243 39 245
37 246 41 247
38 1 42 2
38 19 40 21
38 22 41 23
38 49 40 52
38 55 42 56
38 72 40 74
38 75 42 76
38 86 41 88
38 109 40 112
38 119 46 119
38 125 42 126
38 150 40 153
38 167 47 167
38 168 45 168
38 174 40 176
38 180 40 183
38 184 41 186
38 194 43 195
38 201 40 203
38 210 42 211
38 226 40 228
38 235 40 238
38 249 45 249
39 9 43 10
39 14 41 16
39 35 42 37
39 41 44 42
39 57 41 60
39 61 41 64
39 79 41 81
39 82 44 83
39 89 40 92
39 93 41 96
39 106 42 108
39 120 41 123
39 124 46 124
39 137 42 139
39 140 41 142
39 169 41 171
39 177 41 179
39 187 42 188
39 191 41 193
39 207 43 208
39 218 41 220
40 11 43 13
40 24 43 26
40 27 43 29
40 32 42 34
40 69 43 70
40 101 42 104
40 113 49 113
40 114 48 114
40 117 48 117
40 128 45 129
40 131 42 133
40 134 42 136
40 145 44 146
40 154 42 156
40 157 42 160
40 162 45 163
40 196 44 197
40 212 42 214
40 229 42 232
40 233 44 234
40 239 41 243
40 244 44 245
41 5 42 8
41 19 43 21
41 38 45 39
41 40 49 40
41 46 43 48
41 49 43 51
41 65 43 67
41 72 44 74
41 77 44 78
41 89 43 91
41 98 43 100
41 109 43 111
41 147 42 151
41 152 45 153
41 164 43 166
41 174 43 176
41 180 45 181
41 189 45 190
41 198 43 200
41 201 43 204
41 209 52 209
41 226 43 228
41 235 46 236
41 237 44 238
42 0 53 0
42 14 43 17
42 22 45 23
42 30 45 31
42 43 44 45
42 57 44 59
42 60 44 62
42 63 46 64
42 79 44 81
42 84 44 87
42 92 44 94
42 115 45 116
42 120 44 122
42 140 43 143
42 169 44 172
42 182 43 186
42 191 47 192
42 215 44 218
42 219 44 221
42 222 46 223
42 239 47 240
42 241 44 243
42 246 46 247
43 1 46 3
43 5 45 7
43 32 45 34
43 35 45 37
43 52 45 54
43 75 46 76
43 95 45 97
43 101 45 104
43 106 45 108
43 118 54 118
43 125 45 127
43 131 46 133
43 134 45 137
43 138 47 139
43 147 45 150
43 154 45 156
43 157 45 160
43 177 51 177
43 178 51 178
43 187 47 188
43 205 47 206
43 210 45 213
43 229 46 231
43 232 50 232
44 8 46 11
44 12 46 14
44 15 46 17
44 18 46 20
44 24 46 27
44 28 48 29
44 46 46 48
44 49 46 51
44 65 46 68
44 69 47 70
44 88 46 91
44 98 48 99
44 109 46 111
44 140 46 143
44 151 51 151
44 164 46 166
44 173 46 175
44 182 46 185
44 193 46 195
44 198 46 200
44 201 46 203
44 207 47 208
44 226 46 228
45 41 47 44
45 55 47 58
45 59 50 60
45 61 49 62
45 72 48 74
45 77 47 79
45 80 47 82
45 83 47 86
45 92 48 94
45 120 47 122
45 144 48 146
45 169 47 171
45 179 53 179
45 197 50 196
45 214 47 216
45 217 48 219
45 220 48 221
45 237 49 238
45 241 48 243
46 5 48 7
46 21 48 23
46 30 51 31
46 32 48 35
46 36 47 39
46 52 48 54
46 95 49 97
46 100 48 102
46 103 48 105
46 106 54 106
46 107 57 107
46 108 54 108
46 115 51 116
46 125 48 127
46 128 48 130
46 134 48 137
46 147 48 149
46 152 50 153
46 154 48 156
46 157 48 159
46 160 48 162
46 180 49 181
46 189 50 190
46 210 48 212
46 233 54 233
46 248 51 249
47 1 49 3
47 8 49 10
47 11 49 13
47 14 49 17
47 18 52 19
47 24 49 26
47 45 52 46
47 47 49 49
47 50 50 51
47 63 49 65
47 66 49 68
47 75 51 76
47 87 49 89
47 90 51 91
47 109 49 111
47 123 51 124
47 131 49 133
47 140 49 142
47 163 50 165
47 172 48 175
47 182 49 184
47 193 49 195
47 198 49 200
47 201 49 204
47 222 50 224
47 226 49 229
47 230 50 231
47 235 52 236
47 244 49 247
48 36 50 38
48 41 50 43
48 55 50 58
48 69 51 71
48 77 50 79
48 80 50 83
48 84 51 86
48 119 50 121
48 138 52 139
48 143 58 143
48 166 50 169
48 170 51 171
48 185 50 188
48 191 52 192
48 205 50 207
48 213 50 215
49 4 51 6
49 20 51 23
49 27 52 29
49 32 51 35
49 53 58 53
49 72 51 74
49 92 52 94
49 98 51 100
49 102 51 105
49 125 51 127
49 128 51 130
49 134 50 137
49 144 52 146
49 147 51 150
49 154 50 159
49 160 52 162
49 172 51 175
49 210 52 212
49 216 51 219
49 220 53 221
49 239 51 241
49 242 54 243
50 1 52 3
50 7 52 9
50 10 52 13
50 14 52 16
50 24 52 26
50 47 52 49
50 54 60 54
50 61 52 63
50 64 52 66
50 67 55 68
50 87 52 89
50 95 55 96
50 109 52 112
50 113 58 113
50 114 61 114
50 131 57 131
50 132 54 133
50 140 52 142
50 180 52 182
50 183 53 184
50 193 53 195
50 198 52 200
50 201 52 204
50 225 52 227
50 228 54 229
50 244 52 246
51 36 53 38
51 39 52 44
51 50 54 52
51 55 53 57
51 58 53 60
51 77 53 80
51 81 54 83
51 119 53 122
51 134 53 137
51 152 52 157
51 158 58 158
51 163 53 165
51 166 53 169
51 185 53 188
51 196 55 197
51 205 53 207
51 213 54 215
51 222 53 224
51 230 53 232
51 237 62 237
52 4 54 6
52 20 54 22
52 30 53 34
52 69 53 74
52 75 56 76
52 84 54 86
52 90 56 91
52 97 54 99
52 100 54 103
52 104 56 105
52 115 59 115
52 116 60 116
52 123 53 126
52 127 53 130
52 147 55 149
52 150 56 151
52 170 54 172
52 173 54 175
52 176 55 178
52 189 62 189
52 216 54 218
52 238 57 239
52 240 56 241
52 247 55 249
53 1 55 3
53 7 55 9
53 10 55 13
53 14 56 16
53 17 55 19
53 23 55 25
53 26 55 28
53 39 55 41
53 42 55 44
53 45 55 47
53 49 64 49
53 61 57 62
53 63 54 66
53 87 55 89
53 92 55 94
53 109 55 112
53 138 55 140
53 141 57 142
53 144 56 146
53 152 55 155
53 156 58 157
53 159 55 162
53 180 55 182
53 190 56 192
53 198 55 201
53 203 58 204
53 208 54 211
53 225 55 227
53 234 56 236
53 244 56 246
54 0 63 0
54 29 56 31
54 32 56 34
54 35 56 38
54 55 56 57
54 58 57 60
54 69 56 72
54 77 56 79
54 119 56 122
54 123 56 125
54 126 56 128
54 129 57 130
54 134 56 136
54 163 55 166
54 167 56 169
54 183 55 186
54 187 58 188
54 193 57 195
54 205 56 207
54 219 55 222
54 223 58 224
54 230 56 232
55 4 57 6
55 20 57 22
55 50 58 52
55 63 57 66
55 73 60 74
55 80 57 82
55 83 57 86
55 97 57 99
55 100 56 103
55 117 58 118
55 132 58 133
55 170 57 173
55 208 60 209
55 210 57 213
55 214 59 215
55 217 60 218
55 229 63 229
55 242 58 243
56 1 59 3
56 7 58 10
56 11 58 13
56 17 58 19
56 23 59 25
56 26 59 28
56 39 58 41
56 42 58 44
56 45 58 48
56 67 60 68
56 87 59 89
56 92 57 95
56 108 58 110
56 111 61 112
56 137 58 139
56 147 59 149
56 152 58 155
56 160 58 163
56 164 59 166
56 174 58 177
56 178 58 180
56 181 58 183
56 184 58 186
56 196 58 198
56 199 58 201
56 219 58 222
56 225 57 228
56 247 58 249
57 14 59 16
57 29 59 32
57 33 59 35
57 36 60 38
57 55 60 57
57 69 61 70
57 71 61 72
57 75 58 78
57 90 61 91
57 100 59 102
57 103 59 105
57 119 58 122
57 123 59 125
57 126 60 128
57 134 60 136
57 144 59 146
57 150 60 151
57 159 66 159
57 167 60 169
57 191 62 192
57 205 62 206
57 230 59 233
57 234 59 236
57 244 60 246
58 4 60 6
58 20 61 22
58 58 60 60
58 61 60 63
58 64 61 66
58 79 60 82
58 83 60 86
58 92 59 96
58 97 61 99
58 107 63 106
58 129 61 131
58 140 62 141
58 170 60 173
58 193 60 195
58 202 65 202
58 210 60 212
58 225 60 228
58 238 62 239
58 240 63 241
59 7 61 9
59 10 61 13
59 17 61 19
59 39 61 41
59 42 64 43
59 44 62 46
59 47 63 48
59 50 61 53
59 75 61 77
59 108 62 110
59 113 67 113
59 117 60 122
59 137 62 139
59 142 63 143
59 152 60 155
59 156 61 158
59 160 61 162
59 174 61 176
59 177 61 179
59 180 61 182
59 183 61 185
59 186 62 188
59 190 68 190
59 196 61 198
59 199 63 200
59 203 63 204
59 207 69 207
59 216 67 216
59 219 61 222
59 223 63 224
59 242 63 243
59 247 62 249
60 1 62 3
60 14 65 15
60 23 62 25
60 26 62 28
60 29 62 32
60 33 62 35
60 87 62 89
60 92 63 94
60 95 64 96
60 100 62 102
60 103 62 105
60 123 62 125
60 132 69 132
60 144 61 147
60 163 62 165
60 213 65 214
60 230 62 232
60 233 62 235
61 36 65 37
61 54 63 56
61 57 63 59
61 60 63 62
61 63 71 63
61 73 64 74
61 78 63 80
61 81 62 84
61 116 64 118
61 119 66 120
61 121 70 121
61 126 64 128
61 133 63 136
61 148 62 151
61 152 65 153
61 166 64 168
61 169 69 169
61 172 66 173
61 193 63 195
61 208 63 210
61 211 65 212
61 217 65 218
61 225 63 227
61 244 64 246
62 4 64 7
62 8 64 10
62 11 64 13
62 16 64 18
62 19 64 22
62 38 63 41
62 50 64 53
62 64 63 67
62 68 64 70
62 71 67 72
62 75 65 77
62 90 65 91
62 97 67 98
62 111 65 112
62 114 65 115
62 129 65 131
62 144 64 146
62 154 65 156
62 157 66 158
62 160 66 161
62 171 70 171
62 174 64 176
62 178 64 181
62 182 64 184
62 201 70 201
62 219 64 221
63 1 66 3
63 23 63 31
63 32 64 35
63 44 66 46
63 81 66 83
63 84 65 86
63 87 65 89
63 99 66 101
63 102 65 105
63 108 65 110
63 122 65 125
63 137 65 140
63 147 65 149
63 150 66 151
63 162 65 164
63 185 65 188
63 205 66 206
63 230 65 232
63 233 65 235
63 237 68 238
63 247 65 249
64 0 72 0
64 23 66 26
64 27 66 30
64 38 67 40
64 47 67 48
64 54 66 56
64 57 65 60
64 61 68 62
64 64 66 66
64 78 69 79
64 92 66 94
64 106 67 107
64 133 66 136
64 141 66 143
64 191 65 194
64 195 67 197
64 198 69 199
64 203 68 204
64 208 67 210
64 222 66 224
64 225 65 228
64 239 66 242
65 4 69 5
65 6 67 9
65 10 67 12
65 16 68 18
65 19 67 21
65 31 67 34
65 41 69 42
65 49 67 51
65 52 69 53
65 67 68 69
65 74 70 73
65 95 70 96
65 116 68 118
65 126 67 128
65 144 68 146
65 165 67 167
65 174 67 176
65 177 67 179
65 180 66 183
65 219 68 221
65 243 66 246
66 13 68 15
66 35 69 37
66 57 68 60
66 75 68 77
66 84 68 86
66 87 67 90
66 102 68 104
66 108 68 111
66 114 70 115
66 122 68 124
66 129 69 131
66 137 68 139
66 147 69 149
66 152 68 154
66 155 70 156
66 162 68 164
66 184 68 186
66 187 68 189
66 192 75 192
66 193 71 194
66 211 68 213
66 215 71 214
66 217 70 218
66 225 68 228
66 229 68 231
66 232 68 234
66 235 75 235
66 247 68 249
67 1 70 3
67 22 69 24
67 25 69 27
67 28 69 30
67 43 69 45
67 54 69 56
67 64 70 66
67 80 69 82
67 91 68 94
67 99 70 101
67 119 70 120
67 133 69 136
67 140 69 142
67 150 72 151
67 157 69 159
67 160 70 161
67 172 72 173
67 180 69 182
67 236 78 236
67 239 69 242
67 243 68 246
68 6 70 9
68 10 71 12
68 19 71 21
68 31 70 33
68 38 72 39
68 40 77 40
68 46 70 48
68 49 71 51
68 70 70 72
68 87 70 89
68 97 72 98
68 105 71 107
68 112 73 113
68 125 70 127
68 165 70 168
68 174 70 176
68 177 71 179
68 195 71 197
68 205 72 206
68 208 70 210
69 13 71 16
69 17 73 18
69 57 71 59
69 60 71 62
69 67 72 69
69 75 71 77
69 83 71 85
69 90 71 92
69 93 73 94
69 102 72 104
69 108 71 111
69 116 71 118
69 122 71 124
69 137 71 139
69 143 71 145
69 152 72 154
69 162 71 164
69 183 72 185
69 186 71 189
69 190 77 190
69 191 77 191
69 202 71 204
69 211 72 213
69 219 71 222
69 223 71 225
69 226 71 229
69 230 71 232
69 233 74 234
69 237 73 238
69 243 71 245
69 246 71 248
69 249 78 249
70 4 74 5
70 22 71 25
70 26 71 29
70 34 72 36
70 41 72 44
70 52 72 54
70 78 72 80
70 128 72 130
70 131 72 134
70 140 72 142
70 146 72 148
70 157 74 158
70 169 74 170
70 180 73 182
70 198 72 200
70 239 72 241
71 1 74 3
71 6 73 8
71 31 74 33
71 45 74 47
71 55 75 56
71 64 74 66
71 70 72 73
71 86 72 89
71 95 74 96
71 99 73 101
71 114 74 115
71 125 74 127
71 136 79 136
71 156 80 156
71 159 74 161
71 165 72 168
71 174 74 176
71 207 73 210
71 217 75 218
72 9 74 11
72 12 74 14
72 15 76 16
72 19 74 22
72 23 73 26
72 27 74 29
72 48 74 50
72 57 73 60
72 61 74 63
72 74 74 76
72 81 74 84
72 90 74 92
72 105 74 107
72 108 74 111
72 116 74 118
72 119 73 123
72 137 74 139
72 143 74 145
72 162 74 164
72 177 74 179
72 186 74 188
72 193 74 196
72 201 74 204
72 214 75 216
72 219 73 222
72 223 74 225
72 226 73 229
72 230 75 232
72 242 74 244
72 245 74 247
73 0 83 0
73 30 82 30
73 34 75 36
73 41 75 43
73 51 75 54
73 67 76 69
73 70 76 72
73 77 75 79
73 85 75 88
73 89 81 89
73 97 77 98
73 102 76 104
73 128 75 131
73 132 75 135
73 140 75 142
73 146 75 149
73 150 75 152
73 153 81 153
73 154 84 154
73 165 75 168
73 171 75 173
73 183 75 185
73 197 75 199
73 205 76 206
73 211 75 213
74 6 77 8
74 17 78 18
74 23 76 25
74 37 78 38
74 57 76 59
74 93 79 94
74 99 77 101
74 112 77 113
74 119 75 124
74 180 77 182
74 207 76 210
74 219 76 222
74 226 76 229
74 237 76 239
75 1 82 1
75 2 77 5
75 9 76 12
75 13 80 14
75 19 76 22
75 27 80 28
75 29 83 29
75 31 77 33
75 44 77 46
75 48 80 49
75 60 77 62
75 63 77 66
75 73 77 75
75 80 77 82
75 83 80 84
75 90 77 92
75 95 79 96
75 105 77 108
75 109 78 111
75 114 77 116
75 118 83 118
75 125 77 127
75 137 78 139
75 143 77 145
75 157 76 162
75 163 80 164
75 169 80 170
75 174 76 177
75 178 79 179
75 186 77 188
75 193 78 195
75 200 76 203
75 223 80 224
75 233 79 234
75 241 77 244
75 245 76 248
76 34 78 36
76 41 80 42
76 50 78 53
76 54 79 56
76 76 78 78
76 85 80 86
76 88 84 88
76 119 79 121
76 122 87 122
76 123 81 124
76 128 77 133
76 134 81 135
76 140 78 142
76 146 77 151
76 152 84 152
76 155 87 155
76 165 78 167
76 171 78 173
76 183 79 185
76 196 78 198
76 211 77 214
76 215 78 218
76 230 79 232
77 9 82 10
77 11 82 12
77 15 80 16
77 19 78 22
77 23 79 25
77 57 80 59
77 67 79 69
77 71 82 72
77 102 79 104
77 157 79 159
77 160 80 162
77 174 78 177
77 192 85 192
77 199 79 202
77 203 79 206
77 207 79 209
77 219 79 221
77 225 79 228
77 237 79 239
77 245 79 247
78 2 80 5
78 6 80 8
78 31 80 33
78 39 82 40
78 43 80 45
78 46 81 47
78 60 80 62
78 63 80 65
78 73 80 75
78 79 80 81
78 90 80 92
78 97 80 100
78 105 80 107
78 112 85 112
78 113 80 116
78 125 80 127
78 128 80 130
78 131 80 133
78 143 80 146
78 147 81 149
78 150 82 151
78 180 80 182
78 186 80 188
78 189 81 191
78 210 80 212
78 213 83 214
78 235 86 235
78 240 80 243
79 17 81 19
79 20 81 22
79 34 81 36
79 37 82 38
79 50 81 53
79 76 90 76
79 77 84 78
79 108 81 110
79 137 80 140
79 165 81 168
79 171 81 173
79 174 81 176
79 193 82 195
79 196 82 198
79 215 81 217
79 229 86 229
79 248 84 249
80 23 82 25
80 54 82 56
80 66 82 68
80 69 84 70
80 93 82 95
80 101 81 104
80 117 90 117
80 119 89 119
80 121 88 121
80 157 83 159
80 177 83 179
80 183 85 184
80 199 81 202
80 203 82 205
80 206 82 208
80 218 83 220
80 221 85 222
80 225 82 228
80 230 81 233
80 236 84 237
80 238 85 239
80 244 81 247
81 2 83 4
81 5 83 7
81 13 82 16
81 26 83 28
81 41 83 43
81 48 85 49
81 57 83 59
81 60 82 63
81 64 85 65
81 73 83 75
81 79 83 81
81 82 82 85
81 86 84 87
81 90 84 92
81 96 82 99
81 105 84 107
81 113 83 116
81 125 83 128
81 129 83 131
81 132 85 133
81 136 82 139
81 140 83 143
81 144 83 146
81 161 83 164
81 169 86 170
81 180 85 181
81 186 86 187
81 209 83 211
81 240 83 242
82 17 83 22
82 31 83 35
82 45 85 47
82 50 84 52
82 100 84 103
82 104 89 104
82 108 85 110
82 123 85 124
82 134 86 135
82 147 87 148
82 149 89 149
82 165 84 167
82 171 84 173
82 174 84 176
82 182 92 182
82 188 84 190
82 199 87 200
82 201 87 202
82 215 84 217
82 223 91 223
82 230 84 232
82 233 87 234
82 243 84 246
83 1 92 1
83 8 85 11
83 12 88 13
83 14 86 16
83 23 86 25
83 36 86 38
83 39 87 40
83 44 90 44
83 53 84 56
83 60 85 62
83 71 87 72
83 82 85 84
83 93 87 94
83 95 84 98
83 111 90 111
83 136 85 138
83 150 86 151
83 193 85 195
83 196 86 198
83 203 85 205
83 206 86 208
83 224 85 227
84 0 92 0
84 2 86 4
84 5 87 7
84 17 86 19
84 20 86 22
84 26 86 28
84 29 86 31
84 32 86 35
84 41 87 43
84 57 87 59
84 66 87 68
84 73 86 75
84 113 86 115
84 116 94 116
84 118 91 118
84 125 86 128
84 129 87 131
84 139 86 141
84 142 86 145
84 156 85 159
84 160 86 162
84 177 86 179
84 209 86 211
84 212 86 214
84 218 86 220
84 240 87 242
85 50 87 52
85 53 86 56
85 69 89 70
85 77 87 79
85 80 90 81
85 85 87 87
85 88 87 91
85 95 87 98
85 99 87 102
85 105 87 107
85 120 96 120
85 152 87 154
85 163 87 166
85 167 89 168
85 171 86 174
85 175 89 176
85 188 87 190
85 215 88 217
85 230 87 232
85 236 89 237
85 243 87 245
85 246 87 248
86 8 87 11
86 45 88 48
86 60 88 62
86 82 88 84
86 108 89 110
86 123 90 124
86 132 90 133
86 136 88 138
86 156 88 159
86 180 90 181
86 183 89 185
86 191 88 193
86 194 94 194
86 195 95 195
86 203 88 205
86 222 91 221
86 224 88 227
86 249 97 249
87 2 90 4
87 14 90 16
87 17 87 26
87 27 89 29
87 30 90 32
87 33 89 35
87 36 90 38
87 53 92 54
87 65 92 64
87 73 90 75
87 112 89 115
87 125 89 127
87 134 92 135
87 139 89 141
87 142 89 145
87 150 91 151
87 161 92 162
87 169 89 171
87 172 89 174
87 177 90 179
87 196 90 198
87 206 89 208
87 209 89 212
87 213 91 214
87 218 90 220
87 228 90 229
87 238 91 239
88 5 90 8
88 9 90 11
88 17 89 22
88 23 91 25
88 39 90 42
88 49 90 52
88 55 89 58
88 66 92 67
88 71 92 72
88 77 90 79
88 85 90 87
88 88 90 90
88 91 90 93
88 94 90 96
88 97 89 100
88 101 91 103
88 105 90 107
88 128 90 131
88 147 95 147
88 148 98 148
88 152 90 154
88 163 90 165
88 186 90 188
88 199 90 201
88 230 90 232
88 233 90 235
88 240 90 242
88 243 91 245
88 246 90 248
89 12 99 12
89 13 99 13
89 45 91 47
89 59 91 61
89 62 92 63
89 82 91 84
89 121 92 122
89 136 92 138
89 155 91 158
89 159 93 160
89 189 91 192
89 202 91 205
89 215 91 217
89 225 94 226
90 17 92 20
90 26 92 28
90 33 92 35
90 55 92 57
90 68 93 70
90 97 92 99
90 100 98 100
90 108 92 110
90 112 92 114
90 125 93 127
90 139 92 141
90 142 92 144
90 145 98 145
90 166 91 169
90 170 92 172
90 173 92 175
90 183 93 185
90 193 98 193
90 206 94 207
90 208 92 211
90 227 99 227
90 236 93 237
91 2 92 6
91 7 92 10
91 11 99 11
91 14 93 16
91 29 93 32
91 36 93 38
91 39 93 41
91 42 96 43
91 48 93 51
91 73 93 75
91 76 93 79
91 80 95 81
91 85 93 88
91 89 93 91
91 92 93 95
91 104 92 107
91 123 94 124
91 128 93 131
91 152 94 154
91 163 96 164
91 176 93 178
91 179 93 181
91 186 94 188
91 196 93 198
91 199 93 201
91 218 96 219
91 228 93 231
91 232 94 234
91 235 99 235
91 240 94 242
91 246 94 248
92 21 94 23
92 24 95 25
92 44 94 46
92 52 100 52
92 58 94 61
92 82 94 84
92 101 103 101
92 102 97 103
92 117 95 119
92 133 97 132
92 146 103 146
92 149 95 151
92 155 94 157
92 165 94 167
92 168 96 169
92 189 94 192
92 202 94 204
92 212 94 215
92 216 97 217
92 220 94 222
92 223 96 224
92 243 94 245
93 0 94 3
93 4 95 7
93 8 98 9
93 17 94 20
93 26 95 28
93 33 96 35
93 53 95 55
93 56 97 57
93 62 95 65
93 66 97 67
93 71 97 72
93 96 95 98
93 104 95 106
93 107 94 110
93 111 95 113
93 114 96 115
93 121 97 122
93 134 95 136
93 137 95 139
93 140 94 143
93 161 97 162
93 170 95 172
93 173 96 175
93 208 95 210
94 14 99 15
94 29 95 32
94 36 96 39
94 40 98 41
94 47 96 49
94 50 98 51
94 68 97 70
94 73 95 76
94 77 96 79
94 85 95 88
94 89 96 92
94 93 97 95
94 125 96 127
94 128 96 130
94 159 99 160
94 176 96 178
94 179 95 182
94 183 97 185
94 196 96 198
94 199 96 201
94 228 96 231
94 236 96 238
95 0 97 3
95 16 97 18
95 19 96 23
95 44 98 46
95 58 97 60
95 82 97 84
95 107 97 109
95 124 100 123
95 140 97 143
95 152 97 155
95 156 97 158
95 166 100 167
95 186 97 189
95 190 98 192
95 202 97 204
95 205 97 207
95 211 97 214
95 220 98 222
95 225 99 226
95 232 97 234
95 239 97 242
95 243 97 245
95 246 97 248
96 4 99 6
96 7 105 7
96 24 97 27
96 28 98 30
96 31 100 32
96 54 101 55
96 61 98 63
96 64 100 65
96 73 98 75
96 80 99 81
96 85 98 88
96 96 98 98
96 104 98 106
96 110 98 113
96 116 98 118
96 134 99 136
96 137 98 139
96 149 99 151
96 165 104 165
96 170 99 172
96 179 98 181
96 194 101 195
96 208 98 210
97 19 99 22
97 33 99 35
97 36 99 39
97 42 100 43
97 47 99 49
97 76 99 79
97 89 99 92
97 115 104 115
97 125 98 128
97 129 100 131
97 163 100 164
97 168 101 169
97 173 99 176
97 177 101 178
97 196 99 198
97 199 99 201
97 218 101 219
97 228 99 230
97 236 99 238
98 0 100 3
98 17 102 18
98 23 100 26
98 27 105 27
98 56 100 59
98 66 100 69
98 82 100 84
98 93 100 95
98 107 101 109
98 119 100 121
98 122 106 122
98 132 101 133
98 140 101 142
98 143 103 144
98 152 100 154
98 155 100 157
98 161 102 162
98 182 100 184
98 185 100 187
98 188 102 189
98 202 100 205
98 206 102 207
98 211 100 213
98 214 100 216
98 224 107 224
98 231 102 232
98 233 102 234
98 239 103 240
98 241 100 243
98 244 100 246
98 247 101 249
99 8 101 10
99 28 101 30
99 41 107 41
99 44 101 46
99 51 104 50
99 60 101 63
99 70 108 70
99 71 108 71
99 72 101 75
99 85 100 88
99 96 101 98
99 99 102 100
99 102 101 104
99 105 102 106
99 110 101 113
99 116 102 118
99 125 101 128
99 137 101 139
99 147 103 148
99 158 107 158
99 179 101 181
99 190 101 193
99 208 103 209
99 220 102 222
99 223 109 223
100 4 103 6
100 11 102 14
100 15 104 16
100 19 102 21
100 33 102 35
100 36 102 39
100 47 103 49
100 76 105 77
100 78 102 81
100 89 102 91
100 134 103 136
100 150 105 151
100 159 103 160
100 170 102 172
100 173 102 175
100 196 102 198
100 199 103 201
100 225 102 228
100 229 103 230
100 235 102 237
101 0 103 3
101 22 103 25
101 31 104 32
101 42 105 43
101 52 105 53
101 56 103 58
101 64 103 67
101 68 106 69
101 82 102 87
101 92 103 95
101 119 104 121
101 123 105 124
101 129 104 131
101 152 103 155
101 156 104 157
101 163 110 163
101 166 105 167
101 182 103 185
101 186 104 187
101 202 103 205
101 210 103 212
101 213 104 215
101 216 104 217
101 241 103 243
101 244 103 246
102 8 104 10
102 28 105 30
102 44 104 46
102 59 104 62
102 72 104 74
102 96 104 98
102 102 105 104
102 107 104 110
102 111 104 114
102 125 105 127
102 132 106 133
102 137 104 139
102 140 106 141
102 168 107 169
102 176 104 178
102 179 104 181
102 190 104 192
102 193 104 195
102 247 105 249
103 11 105 13
103 17 105 20
103 33 105 35
103 36 105 38
103 39 107 40
103 78 106 80
103 81 105 83
103 84 105 86
103 87 105 89
103 90 107 91
103 99 107 100
103 105 108 106
103 117 108 116
103 161 108 162
103 170 105 172
103 173 111 173
103 174 108 175
103 188 106 189
103 196 106 198
103 206 107 207
103 218 104 221
103 222 112 222
103 225 104 228
103 231 104 234
103 235 105 237
104 0 106 2
104 3 108 4
104 5 108 6
104 21 106 23
104 24 107 26
104 47 106 49
104 54 106 56
104 57 107 58
104 63 106 66
104 92 106 94
104 134 107 136
104 142 106 144
104 145 106 147
104 152 109 153
104 182 106 184
104 199 106 201
104 202 106 204
104 208 106 210
104 211 107 212
104 229 109 230
104 238 106 241
104 242 106 244
104 245 107 246
105 8 110 9
105 31 110 32
105 44 108 46
105 50 109 51
105 59 107 62
105 72 108 74
105 75 115 75
105 95 106 98
105 107 107 110
105 111 107 113
105 114 110 115
105 118 107 121
105 128 107 130
105 137 108 139
105 148 110 149
105 154 106 157
105 164 109 165
105 176 107 178
105 179 108 181
105 185 107 187
105 190 107 192
105 193 114 193
105 194 110 195
105 213 108 215
105 216 109 217
105 218 107 221
105 225 107 227
105 231 107 233
106 7 114 7
106 10 108 13
106 14 107 18
106 19 110 20
106 27 108 30
106 33 108 35
106 36 108 38
106 42 111 43
106 52 109 53
106 76 110 77
106 81 108 84
106 85 108 88
106 101 109 103
106 123 107 126
106 150 110 151
106 160 115 160
106 166 109 167
106 170 109 172
106 234 108 236
106 248 113 248
107 0 109 2
107 21 109 23
107 47 109 49
107 54 109 56
107 63 109 65
107 66 109 69
107 78 109 80
107 92 109 95
107 96 109 98
107 131 109 133
107 140 109 142
107 143 109 145
107 146 110 147
107 154 109 157
107 182 109 184
107 188 110 189
107 196 109 198
107 199 108 202
107 203 110 205
107 208 109 210
107 237 109 239
107 240 109 242
107 243 110 244
108 14 110 16
108 18 117 18
108 24 110 26
108 39 110 41
108 57 110 59
108 60 111 62
108 89 110 91
108 99 112 100
108 107 110 110
108 111 111 113
108 118 110 121
108 122 111 124
108 125 109 128
108 129 112 130
108 134 112 135
108 158 112 159
108 176 112 177
108 185 110 187
108 190 111 192
108 206 113 207
108 211 111 212
108 218 110 221
108 224 110 226
108 227 112 228
108 232 112 233
108 245 110 247
108 249 119 249
109 3 111 5
109 10 110 13
109 27 111 29
109 33 110 36
109 37 113 38
109 44 112 46
109 70 111 73
109 81 111 83
109 84 114 85
109 86 111 88
109 104 112 106
109 116 112 117
109 136 111 138
109 161 113 162
109 168 114 169
109 174 114 175
109 178 111 181
109 199 111 201
109 213 111 215
109 231 117 231
109 234 111 236
110 0 112 2
110 21 113 23
110 30 118 30
110 47 111 50
110 51 112 54
110 55 114 56
110 63 112 66
110 67 112 69
110 78 112 80
110 92 112 95
110 96 113 98
110 101 112 103
110 125 113 127
110 128 121 128
110 131 112 133
110 139 112 141
110 142 113 144
110 152 112 154
110 155 115 156
110 164 111 167
110 170 113 172
110 182 113 184
110 196 115 197
110 208 112 210
110 216 114 217
110 229 114 230
110 237 111 242
111 8 113 10
111 11 112 16
111 19 119 19
111 24 113 26
111 31 113 33
111 34 115 35
111 36 120 36
111 39 114 41
111 57 114 59
111 76 115 77
111 89 114 91
111 107 112 110
111 114 114 115
111 118 113 120
111 145 113 147
111 148 113 151
111 185 113 188
111 194 115 195
111 202 113 204
111 218 113 220
111 224 114 226
111 243 113 245
111 246 114 247
112 3 114 5
112 20 120 20
112 27 115 29
112 42 115 43
112 47 117 48
112 49 121 49
112 50 120 50
112 60 115 62
112 70 114 72
112 81 115 83
112 86 114 88
112 111 114 113
112 121 114 124
112 136 115 138
112 163 114 165
112 166 115 167
112 178 113 181
112 189 115 191
112 198 114 200
112 211 114 213
112 234 114 236
112 237 114 239
112 240 114 242
113 0 115 2
113 11 115 14
113 15 115 17
113 44 116 46
113 51 115 54
113 63 114 68
113 73 117 74
113 78 115 80
113 92 115 94
113 99 115 102
113 103 115 105
113 106 115 108
113 116 118 117
113 129 115 131
113 132 115 134
113 139 117 140
113 152 115 154
113 157 115 159
113 176 117 177
113 192 121 192
113 208 115 210
113 221 116 223
113 227 116 228
113 232 118 233
114 8 116 10
114 21 116 23
114 24 116 26
114 31 116 33
114 37 119 38
114 95 116 97
114 110 121 110
114 118 117 120
114 125 116 127
114 141 116 143
114 144 116 146
114 147 115 151
114 161 118 162
114 170 116 173
114 178 115 181
114 182 115 185
114 186 116 188
114 201 116 203
114 204 116 207
114 218 117 220
114 243 117 245
115 3 119 4
115 6 120 7
115 39 117 41
115 55 117 58
115 63 117 66
115 67 117 69
115 70 117 72
115 84 117 86
115 87 117 89
115 90 119 91
115 111 117 113
115 114 123 114
115 121 117 124
115 163 123 163
115 164 120 165
115 168 119 169
115 174 118 175
115 198 117 200
115 211 117 213
115 214 120 215
115 224 118 226
115 229 120 230
115 234 117 237
115 238 118 240
115 241 124 241
115 242 124 242
115 246 117 248
116 0 118 2
116 5 126 5
116 11 117 16
116 27 118 29
116 34 120 35
116 42 120 43
116 51 118 53
116 59 118 62
116 75 118 78
116 79 118 82
116 92 119 94
116 98 118 101
116 102 118 104
116 105 119 107
116 108 121 109
116 129 118 131
116 132 118 135
116 136 119 138
116 147 118 150
116 151 118 154
116 155 118 157
116 158 119 160
116 166 119 167
116 178 119 180
116 181 118 183
116 184 119 185
116 189 119 191
116 193 117 196
116 208 118 210
116 216 125 216
116 217 124 217
117 8 119 10
117 21 121 22
117 23 120 25
117 31 120 33
117 44 119 46
117 95 119 97
117 125 122 126
117 141 120 143
117 144 120 146
117 170 118 173
117 186 120 188
117 201 118 204
117 205 120 207
117 221 119 223
117 227 122 228
118 11 121 13
118 14 120 16
118 17 121 18
118 39 120 41
118 48 126 48
118 54 120 56
118 57 122 58
118 63 120 65
118 66 120 69
118 70 120 73
118 83 120 85
118 86 120 89
118 111 121 113
118 115 125 115
118 118 120 120
118 121 120 124
118 139 121 140
118 177 123 176
118 193 121 195
118 196 120 198
118 199 121 200
118 211 121 213
118 218 121 220
118 234 120 237
118 243 120 246
118 247 122 248
119 0 121 2
119 26 123 27
119 28 122 30
119 51 122 53
119 59 121 61
119 74 121 76
119 77 122 79
119 80 121 82
119 98 121 101
119 102 121 104
119 117 126 117
119 127 126 127
119 129 121 132
119 133 122 135
119 147 121 149
119 150 121 152
119 153 121 155
119 156 123 157
119 161 123 162
119 170 123 171
119 172 121 175
119 181 121 183
119 201 121 204
119 209 123 210
119 224 121 226
119 231 121 233
119 238 122 240
120 3 125 4
120 8 123 10
120 37 124 38
120 44 122 46
120 47 127 47
120 90 122 92
120 93 122 95
120 96 124 97
120 105 124 106
120 136 122 138
120 158 122 160
120 167 128 167
120 168 129 168
120 178 122 180
120 184 124 185
120 189 122 191
120 221 122 223
120 249 127 249
121 6 124 7
121 14 124 16
121 19 124 20
121 24 126 25
121 31 125 32
121 34 124 36
121 39 123 42
121 54 124 56
121 62 122 65
121 66 124 68
121 69 123 71
121 72 126 73
121 83 123 85
121 86 122 89
121 118 122 121
121 122 123 124
121 141 123 143
121 144 123 146
121 164 124 166
121 186 124 188
121 196 123 198
121 205 124 207
121 214 126 215
121 229 125 230
121 234 124 236
121 243 124 245
122 0 125 2
122 11 124 13
122 17 127 18
122 49 126 50
122 59 124 61
122 74 125 76
122 80 125 82
122 98 124 100
122 101 124 103
122 107 124 109
122 110 123 113
122 128 124 130
122 131 127 132
122 139 127 140
122 147 124 149
122 150 124 153
122 154 127 155
122 172 126 173
122 175 130 175
122 181 124 183
122 192 124 194
122 199 124 202
122 203 126 204
122 208 131 208
122 211 131 211
122 212 126 213
122 218 125 220
122 224 125 226
122 231 125 233
123 21 131 21
123 23 134 23
123 28 126 30
123 43 125 45
123 51 126 53
123 57 127 58
123 62 125 65
123 86 126 88
123 89 125 91
123 92 125 94
123 116 131 116
123 118 125 120
123 125 127 126
123 133 125 136
123 137 126 138
123 158 125 160
123 178 125 180
123 189 126 191
123 221 125 223
123 227 126 228
123 237 125 240
123 246 134 246
123 248 133 248
124 8 126 10
124 22 135 22
124 26 128 27
124 39 126 42
124 69 127 71
124 78 129 79
124 83 126 85
124 110 126 113
124 121 128 122
124 124 131 124
124 141 126 143
124 144 127 146
124 161 126 163
124 169 126 171
124 176 128 177
124 195 127 197
124 209 127 210
124 247 135 247
125 11 127 13
125 14 128 16
125 19 129 20
125 33 127 35
125 36 130 37
125 54 128 56
125 59 128 61
125 66 127 68
125 95 127 97
125 98 127 101
125 102 127 104
125 105 126 108
125 114 132 114
125 128 127 130
125 147 127 150
125 151 128 153
125 156 130 157
125 164 128 166
125 181 127 184
125 185 127 187
125 192 128 194
125 198 127 200
125 201 129 202
125 205 127 207
125 234 127 236
125 241 127 243
125 244 130 245
126 0 128 2
126 3 129 4
126 31 131 32
126 43 128 45
126 62 128 64
126 74 128 76
126 80 129 82
126 89 131 90
126 91 128 94
126 118 129 120
126 133 133 133
126 134 134 134
126 135 130 136
126 158 128 160
126 178 129 180
126 216 128 218
126 219 128 221
126 222 128 224
126 225 129 226
126 231 129 233
126 237 128 239
127 5 129 8
127 9 130 10
127 24 132 25
127 28 130 30
127 38 128 42
127 48 129 50
127 51 129 53
127 72 132 73
127 83 130 85
127 86 129 88
127 105 129 107
127 108 129 110
127 111 129 113
127 137 130 138
127 141 130 143
127 161 129 163
127 169 129 171
127 172 129 174
127 188 128 191
127 203 131 204
127 212 129 214
127 227 129 230
128 11 131 13
128 33 130 35
128 46 132 47
128 57 133 58
128 65 130 67
128 68 130 70
128 95 130 97
128 98 129 103
128 125 130 127
128 128 130 130
128 131 132 132
128 139 131 140
128 144 131 146
128 147 129 150
128 154 132 155
128 181 130 183
128 184 130 187
128 195 130 197
128 198 131 200
128 205 130 207
128 209 132 210
128 234 130 236
128 240 130 242
128 249 139 249
129 0 131 2
129 14 130 18
129 26 133 27
129 38 131 40
129 41 131 43
129 44 134 45
129 54 131 56
129 59 131 61
129 62 131 64
129 74 134 75
129 76 133 77
129 91 131 94
129 121 131 123
129 151 132 153
129 158 132 160
129 164 131 167
129 176 134 177
129 188 131 190
129 191 131 193
129 215 131 217
129 218 131 220
129 221 131 224
129 237 131 239
130 3 132 5
130 6 132 8
130 19 137 19
130 20 140 20
130 48 132 51
130 52 134 53
130 78 132 80
130 82 138 82
130 86 132 88
130 98 132 101
130 102 132 104
130 105 132 108
130 109 132 112
130 118 133 120
130 148 133 150
130 161 133 163
130 168 133 170
130 171 135 172
130 173 133 174
130 178 132 180
130 201 133 202
130 212 133 214
130 225 132 228
130 229 132 232
131 9 134 10
131 14 133 16
131 17 134 18
131 28 133 30
131 33 133 35
131 36 135 37
131 65 133 67
131 68 133 71
131 83 133 85
131 95 133 97
131 117 142 117
131 125 133 127
131 128 135 129
131 130 140 130
131 135 133 137
131 141 134 143
131 156 134 157
131 181 133 183
131 184 133 187
131 194 133 197
131 205 133 207
131 233 133 236
131 240 133 243
131 244 134 245
132 0 137 1
132 2 139 2
132 11 134 13
132 21 142 21
132 31 135 32
132 38 134 40
132 41 134 43
132 54 137 55
132 59 134 61
132 62 135 64
132 89 134 91
132 92 135 94
132 113 140 113
132 115 137 116
132 121 134 123
132 138 134 140
132 144 133 147
132 164 134 167
132 188 134 190
132 191 134 193
132 198 134 200
132 215 134 217
132 218 134 220
132 221 134 223
132 237 137 238
133 3 134 6
133 7 137 8
133 24 137 25
133 46 135 48
133 49 135 51
133 78 136 80
133 86 136 88
133 98 135 100
133 101 135 104
133 105 135 107
133 108 135 110
133 111 138 112
133 114 141 114
133 131 136 132
133 151 143 151
133 152 138 153
133 154 137 155
133 158 136 160
133 178 135 180
133 208 135 211
133 224 135 226
133 227 135 229
133 230 136 232
134 14 136 16
134 26 136 28
134 29 138 30
134 33 136 35
134 56 136 58
134 65 135 69
134 70 136 72
134 77 139 76
134 83 136 85
134 95 136 97
134 118 136 120
134 124 135 127
134 133 141 133
134 135 136 137
134 144 135 149
134 161 136 163
134 168 139 169
134 170 144 170
134 173 137 175
134 181 137 183
134 184 136 187
134 194 136 197
134 201 136 204
134 205 136 207
134 212 136 214
134 233 135 236
134 239 136 241
134 242 143 242
135 3 137 5
135 9 137 11
135 17 140 18
135 38 138 40
135 41 137 43
135 44 139 45
135 59 137 61
135 73 138 75
135 89 138 91
135 121 139 122
135 123 145 123
135 138 137 140
135 141 137 143
135 164 137 166
135 188 137 190
135 191 138 193
135 198 140 199
135 215 137 218
135 219 137 221
135 243 136 246
136 22 145 22
136 31 141 32
136 36 140 37
136 46 138 49
136 50 138 53
136 62 138 64
136 65 139 67
136 68 141 69
136 92 139 94
136 98 137 101
136 102 138 104
136 105 138 107
136 109 147 109
136 124 138 126
136 127 141 128
136 144 137 148
136 171 140 172
136 176 138 178
136 179 139 180
136 209 139 211
136 222 138 224
136 225 138 227
136 228 141 229
136 234 139 236
136 247 140 248
137 6 144 6
137 12 139 15
137 16 144 16
137 26 139 28
137 33 140 35
137 56 140 58
137 70 139 72
137 78 139 80
137 83 139 85
137 86 139 88
137 95 139 97
137 118 139 120
137 131 141 132
137 134 139 137
137 149 142 150
137 156 138 160
137 161 140 163
137 184 139 187
137 194 140 196
137 200 139 202
137 203 139 205
137 206 140 208
137 212 140 214
137 230 138 233
137 239 139 241
137 243 140 245
137 246 146 246
138 0 142 1
138 3 141 5
138 7 140 10
138 23 141 25
138 41 140 43
138 54 142 55
138 59 140 61
138 98 143 99
138 100 142 101
138 115 142 116
138 138 139 141
138 142 140 144
138 145 141 147
138 154 143 155
138 164 140 166
138 173 140 175
138 181 141 183
138 188 141 190
138 215 140 218
138 219 140 221
139 29 142 30
139 38 141 40
139 46 141 48
139 49 142 51
139 62 141 64
139 73 141 75
139 82 149 82
139 89 142 91
139 102 141 105
139 106 141 108
139 110 141 112
139 124 141 126
139 152 143 153
139 156 141 159
139 176 141 178
139 191 141 193
139 222 141 224
139 225 141 227
139 230 141 232
139 237 149 237
140 11 142 14
140 26 142 28
140 44 144 45
140 52 145 53
140 65 142 67
140 70 142 72
140 76 142 79
140 80 144 81
140 83 143 85
140 86 143 88
140 92 142 94
140 95 142 97
140 118 142 120
140 122 145 121
140 134 142 136
140 137 142 139
140 140 143 141
140 167 143 169
140 179 144 180
140 184 142 187
140 200 142 203
140 204 143 205
140 209 142 211
140 233 142 235
140 236 148 236
140 238 142 241
140 249 147 249
141 7 142 10
141 17 143 19
141 33 143 36
141 41 145 42
141 56 143 58
141 59 143 61
141 142 143 144
141 160 142 163
141 164 143 166
141 171 143 173
141 194 144 196
141 197 143 199
141 206 143 208
141 212 143 214
141 215 143 218
141 219 144 221
141 247 146 248
142 2 144 4
142 23 150 23
142 31 145 32
142 37 146 38
142 39 146 40
142 46 144 48
142 62 145 64
142 68 145 69
142 73 144 75
142 102 143 105
142 106 145 108
142 110 145 112
142 113 146 114
142 124 143 128
142 129 143 132
142 145 143 148
142 156 144 158
142 174 144 177
142 181 145 183
142 188 144 191
142 192 146 193
142 222 142 229
142 230 145 232
143 0 147 1
143 7 145 10
143 11 145 13
143 20 146 21
143 24 145 27
143 28 145 30
143 49 146 51
143 54 146 55
143 65 145 67
143 70 146 72
143 76 145 78
143 89 145 92
143 93 144 96
143 100 146 101
143 115 145 117
143 118 146 120
143 133 145 135
143 136 145 139
143 149 146 150
143 159 145 161
143 162 146 163
143 178 151 178
143 184 145 186
143 200 145 202
143 209 148 210
143 211 150 211
143 222 145 225
143 226 145 229
143 233 146 235
143 238 144 241
144 17 146 19
144 33 146 35
144 56 146 58
144 59 147 61
144 83 147 85
144 86 146 88
144 97 147 99
144 102 146 104
144 124 147 126
144 127 146 129
144 130 147 132
144 140 146 142
144 143 145 146
144 147 148 148
144 151 146 153
144 164 146 166
144 167 146 169
144 171 146 173
144 197 147 199
144 203 146 206
144 207 149 208
144 212 146 214
144 215 146 217
144 218 151 218
144 242 146 244
144 245 155 245
145 2 147 4
145 14 148 16
145 43 147 46
145 47 149 48
145 73 147 75
145 79 149 80
145 93 147 95
145 156 148 158
145 174 147 176
145 177 153 177
145 179 150 180
145 187 148 189
145 190 148 191
145 194 147 196
145 219 147 221
145 238 147 240
146 5 148 7
146 8 147 13
146 24 148 26
146 27 148 29
146 30 148 32
146 41 150 42
146 52 149 53
146 62 148 65
146 66 148 68
146 76 149 78
146 89 149 91
146 92 153 92
146 105 148 107
146 110 148 112
146 116 150 117
146 121 149 123
146 133 147 136
146 137 148 139
146 143 148 145
146 159 150 160
146 181 147 184
146 185 153 185
146 200 148 202
146 222 147 225
146 226 148 229
146 230 148 232
147 17 148 22
147 33 149 35
147 36 150 38
147 39 151 40
147 49 149 51
147 54 149 56
147 57 152 58
147 69 149 71
147 81 155 81
147 86 152 87
147 100 148 103
147 113 150 115
147 118 152 119
147 127 149 129
147 140 149 142
147 149 149 151
147 152 149 154
147 155 157 155
147 161 149 163
147 164 149 166
147 167 149 169
147 170 149 173
147 192 150 193
147 203 149 205
147 206 156 206
147 212 148 215
147 216 151 217
147 233 150 235
147 241 151 242
147 243 157 243
147 246 149 248
148 0 150 2
148 3 151 4
148 8 150 10
148 11 150 13
148 43 150 46
148 59 151 61
148 72 153 73
148 74 157 74
148 75 158 75
148 83 150 85
148 93 150 96
148 97 151 99
148 108 152 109
148 124 151 126
148 130 150 133
148 134 151 136
148 174 150 176
148 181 150 184
148 194 150 196
148 197 153 198
148 219 149 222
148 224 153 225
148 238 150 240
148 249 159 249
149 5 152 7
149 14 151 16
149 17 152 19
149 20 151 22
149 24 151 26
149 27 151 30
149 31 153 32
149 62 150 65
149 66 152 68
149 88 156 88
149 100 151 102
149 103 151 105
149 106 153 107
149 110 154 111
149 137 152 139
149 143 151 145
149 146 151 148
149 156 151 158
149 186 152 188
149 189 152 191
149 199 151 201
149 209 152 210
149 212 151 214
149 226 151 229
149 230 151 232
150 33 152 35
150 47 152 50
150 51 151 55
150 69 152 71
150 76 152 78
150 79 154 80
150 89 152 91
150 120 152 122
150 127 152 129
150 140 152 142
150 149 152 151
150 152 153 154
150 161 151 164
150 165 153 167
150 168 151 171
150 172 154 173
150 202 151 205
150 207 155 208
150 219 152 221
150 222 154 223
150 244 161 244
150 246 153 248
151 0 154 2
151 8 153 10
151 11 154 13
151 36 153 38
151 41 153 43
151 44 153 46
151 62 153 64
151 82 153 84
151 93 152 96
151 112 152 115
151 116 155 117
151 130 153 132
151 159 155 160
151 174 153 176
151 179 153 182
151 183 155 184
151 192 153 194
151 195 154 196
151 233 153 235
151 236 153 238
151 239 155 240
152 3 156 4
152 14 154 16
152 20 154 22
152 23 154 25
152 26 154 29
152 39 156 40
152 51 155 53
152 54 154 56
152 85 159 85
152 97 155 99
152 100 155 102
152 103 154 105
152 123 154 125
152 133 154 135
152 143 154 145
152 146 155 148
152 156 155 158
152 161 154 163
152 168 154 171
152 199 154 201
152 202 154 205
152 211 154 213
152 214 153 218
152 226 154 228
152 229 154 232
153 5 155 7
153 17 156 19
153 33 158 34
153 47 155 49
153 57 155 59
153 65 155 68
153 69 156 71
153 76 158 77
153 86 157 87
153 89 155 91
153 93 155 96
153 108 156 109
153 112 155 114
153 118 155 120
153 121 157 122
153 126 155 128
153 136 156 138
153 139 155 141
153 149 156 151
153 186 155 188
153 189 156 191
153 209 157 210
153 219 157 220
153 241 158 242
154 8 156 10
154 30 156 32
154 35 159 36
154 37 158 38
154 41 156 43
154 44 157 46
154 60 156 62
154 63 159 64
154 82 158 83
154 106 157 107
154 129 156 131
154 152 156 154
154 164 155 167
154 174 156 176
154 177 156 179
154 180 156 182
154 192 157 194
154 197 157 198
154 214 156 216
154 217 162 217
154 224 159 225
154 233 156 236
154 237 159 238
154 246 156 248
155 0 157 2
155 11 157 13
155 14 158 16
155 20 156 23
155 24 157 26
155 27 158 29
155 54 157 56
155 72 160 73
155 78 158 80
155 92 164 92
155 103 158 105
155 110 158 111
155 123 157 125
155 132 157 134
155 142 157 144
155 161 158 163
155 168 157 170
155 171 157 173
155 195 159 196
155 199 157 201
155 202 157 204
155 211 157 213
155 221 157 223
155 226 157 229
155 230 157 232
156 5 158 7
156 47 158 50
156 51 158 53
156 57 158 59
156 65 158 67
156 89 161 90
156 93 158 96
156 97 158 99
156 100 158 102
156 112 158 114
156 115 159 117
156 118 159 120
156 126 158 128
156 139 159 141
156 145 158 148
156 156 158 158
156 159 161 160
156 164 159 166
156 183 158 186
156 187 159 188
156 207 160 208
156 218 163 218
156 239 160 240
157 3 161 4
157 8 160 10
157 17 159 19
157 20 159 22
157 30 160 32
157 39 161 40
157 41 164 41
157 60 161 61
157 68 159 70
157 88 164 88
157 129 159 131
157 135 158 138
157 149 159 151
157 152 160 154
157 174 159 176
157 177 159 179
157 180 159 182
157 189 159 191
157 205 161 206
157 214 160 216
157 233 159 235
157 236 166 236
157 245 159 248
158 1 165 1
158 2 167 2
158 11 160 13
158 23 160 26
158 42 160 44
158 45 162 46
158 54 161 56
158 71 167 71
158 74 165 74
158 87 163 86
158 106 160 108
158 121 162 122
158 123 161 125
158 132 161 134
158 142 160 144
158 167 160 169
158 170 160 172
158 192 160 194
158 197 160 199
158 200 160 202
158 203 162 204
158 209 160 212
158 219 160 222
158 226 160 229
158 230 160 232
159 5 161 7
159 14 161 16
159 27 162 29
159 37 162 38
159 47 161 49
159 50 161 53
159 57 161 59
159 65 161 67
159 75 161 77
159 78 161 81
159 82 162 84
159 91 168 91
159 93 162 95
159 96 161 98
159 100 162 102
159 103 161 105
159 109 160 112
159 113 163 114
159 126 161 128
159 135 160 138
159 145 167 145
159 146 162 148
159 156 164 157
159 161 161 163
159 183 161 185
159 186 170 186
159 223 169 223
159 241 162 243
160 0 171 0
160 17 163 19
160 20 162 22
160 33 161 36
160 62 164 63
160 68 163 70
160 115 162 117
160 119 164 120
160 129 163 131
160 149 162 151
160 155 169 155
160 158 170 158
160 164 163 166
160 173 161 176
160 177 162 179
160 180 163 182
160 187 161 190
160 224 163 225
160 233 163 235
160 237 165 238
160 245 161 248
160 249 167 249
161 8 163 10
161 11 163 13
161 23 163 26
161 30 163 32
161 43 166 44
161 72 165 73
161 106 163 108
161 109 166 110
161 111 165 112
161 135 164 137
161 138 163 140
161 141 163 143
161 152 163 154
161 167 163 169
161 170 164 172
161 191 162 194
161 195 163 197
161 198 163 200
161 202 169 202
161 207 163 210
161 211 163 213
161 214 163 216
161 219 163 222
161 226 163 228
161 229 163 232
161 239 165 240
162 3 163 6
162 14 166 15
162 33 164 35
162 39 165 40
162 42 171 42
162 47 164 50
162 51 163 56
162 57 164 60
162 61 171 61
162 64 164 66
162 75 164 77
162 78 164 80
162 90 173 90
162 96 164 98
162 103 172 103
162 104 169 104
162 105 170 105
162 123 164 125
162 126 164 128
162 132 166 133
162 159 164 161
162 162 166 163
162 174 165 176
162 183 164 185
162 187 164 189
162 205 166 206
162 244 164 246
162 247 165 248
163 20 166 22
163 27 165 29
163 36 165 38
163 45 167 46
163 81 165 83
163 84 167 85
163 89 172 89
163 93 165 95
163 99 165 101
163 115 165 118
163 121 168 122
163 144 170 144
163 146 165 148
163 149 165 151
163 177 165 179
163 190 165 192
163 194 168 193
163 203 167 204
163 241 165 243
164 3 167 5
164 6 167 8
164 9 165 12
164 16 166 18
164 23 166 25
164 30 166 32
164 51 166 54
164 55 169 56
164 67 166 69
164 86 168 87
164 106 167 108
164 113 167 114
164 129 167 131
164 134 173 134
164 138 166 140
164 141 167 143
164 152 166 154
164 164 166 167
164 168 167 169
164 180 167 182
164 195 167 197
164 198 165 201
164 207 166 209
164 210 166 212
164 213 166 215
164 216 166 218
164 219 166 221
164 224 166 226
164 227 166 230
164 231 165 234
165 33 168 35
165 47 168 49
165 50 174 50
165 57 167 60
165 62 167 64
165 65 169 66
165 75 167 78
165 79 169 80
165 92 173 92
165 96 167 98
165 119 169 120
165 123 167 125
165 126 169 127
165 135 172 135
165 137 173 137
165 156 169 157
165 159 167 161
165 170 167 172
165 183 168 185
165 187 168 189
165 244 167 246
166 1 176 1
166 9 168 11
166 12 170 13
166 26 168 28
166 36 168 38
166 39 168 41
166 72 168 74
166 81 169 83
166 93 168 95
166 99 169 101
166 111 169 112
166 115 168 117
166 136 176 136
166 146 167 149
166 150 170 151
166 173 168 176
166 177 170 178
166 190 168 192
166 198 168 200
166 201 176 201
166 231 169 233
166 234 175 234
166 235 174 235
166 237 168 239
166 240 168 242
166 247 169 248
167 14 169 16
167 17 168 20
167 21 169 24
167 29 170 31
167 52 171 53
167 67 169 69
167 102 174 102
167 128 174 128
167 132 171 133
167 138 169 140
167 152 169 154
167 162 169 164
167 165 170 167
167 205 169 208
167 209 169 211
167 212 169 215
167 216 169 219
167 220 170 222
167 224 169 227
167 228 169 230
168 2 169 5
168 6 170 8
168 25 177 25
168 43 170 45
168 51 177 51
168 57 170 60
168 62 171 64
168 70 171 71
168 75 170 78
168 84 171 85
168 96 171 98
168 106 169 109
168 113 171 114
168 123 171 125
168 129 171 131
168 141 170 143
168 145 170 148
168 159 171 161
168 168 173 169
168 170 171 172
168 179 171 181
168 196 173 197
168 203 171 204
168 243 170 245
168 249 178 249
169 9 171 11
169 17 170 20
169 26 171 28
169 32 171 35
169 36 171 38
169 39 172 41
169 46 171 48
169 49 177 49
169 72 171 74
169 86 177 86
169 87 173 88
169 93 172 95
169 115 171 118
169 121 178 121
169 173 171 175
169 182 171 184
169 187 171 189
169 190 171 193
169 194 173 195
169 198 172 200
169 236 171 238
169 239 171 242
170 2 173 4
170 14 172 16
170 21 172 24
170 54 172 56
170 65 171 68
170 79 172 81
170 82 173 83
170 99 172 101
170 106 172 108
170 109 172 112
170 119 174 120
170 126 174 127
170 138 174 139
170 152 172 154
170 155 172 157
170 162 173 164
170 205 172 207
170 208 172 210
170 211 172 213
170 214 172 216
170 217 172 219
170 223 172 225
170 226 172 229
170 230 172 232
170 248 178 248
171 5 173 7
171 12 174 13
171 17 172 20
171 29 173 31
171 43 174 45
171 57 173 59
171 75 173 77
171 140 173 142
171 143 172 146
171 147 173 149
171 150 175 151
171 165 174 167
171 176 173 178
171 185 174 186
171 202 178 202
171 220 173 222
171 243 173 245
171 247 182 247
172 0 180 0
172 8 174 10
172 26 174 28
172 32 174 35
172 36 175 38
172 46 174 48
172 52 177 53
172 60 174 63
172 64 174 66
172 67 174 70
172 71 175 73
172 84 176 85
172 96 175 98
172 104 177 105
172 113 174 115
172 116 174 118
172 122 174 124
172 129 174 131
172 132 176 133
172 158 174 161
172 170 174 173
172 174 175 175
172 179 175 181
172 182 174 184
172 187 174 189
172 190 174 192
172 203 175 204
172 236 177 237
172 238 173 242
172 246 181 246
173 14 175 17
173 18 175 21
173 22 175 24
173 39 177 40
173 41 178 42
173 54 175 56
173 80 177 81
173 93 175 95
173 99 176 101
173 106 176 108
173 109 175 111
173 143 175 146
173 152 175 155
173 156 177 157
173 193 180 193
173 198 175 200
173 205 175 207
173 208 175 210
173 211 174 214
173 215 175 217
173 219 178 218
173 223 177 224
173 226 174 231
173 232 177 233
174 2 176 5
174 30 178 31
174 57 176 59
174 74 176 76
174 77 177 79
174 82 177 83
174 87 176 89
174 90 179 91
174 134 178 135
174 147 177 149
174 162 176 164
174 168 179 169
174 176 177 178
174 194 176 197
174 220 176 222
174 238 176 240
174 241 177 243
175 6 177 8
175 9 176 12
175 26 177 28
175 32 177 35
175 43 177 45
175 46 177 48
175 60 177 62
175 63 177 65
175 66 177 68
175 69 178 70
175 92 182 92
175 102 179 103
175 112 177 114
175 115 177 117
175 118 179 119
175 122 177 124
175 125 176 129
175 130 180 131
175 137 177 140
175 158 177 160
175 165 178 167
175 170 177 173
175 182 177 184
175 185 178 187
175 188 176 191
175 211 177 214
175 225 177 228
175 229 178 231
175 245 184 245
176 13 178 15
176 16 178 18
176 19 178 21
176 22 179 24
176 36 179 38
176 54 178 56
176 71 179 73
176 93 179 95
176 96 178 98
176 120 183 120
176 141 178 143
176 144 178 146
176 150 179 152
176 153 178 155
176 174 180 175
176 179 178 181
176 198 179 200
176 203 178 205
176 206 178 208
176 209 179 210
176 215 178 217
176 234 180 235
177 1 179 3
177 4 180 5
177 9 179 11
177 57 179 59
177 74 179 76
177 84 180 85
177 87 180 89
177 99 179 101
177 106 180 108
177 110 185 110
177 125 179 127
177 128 180 129
177 162 180 164
177 188 179 191
177 192 184 192
177 194 179 196
177 220 179 222
177 238 179 240
178 6 181 8
178 25 180 27
178 28 181 29
178 32 180 34
178 39 182 40
178 43 180 45
178 46 180 48
178 49 180 52
178 60 180 62
178 63 181 65
178 66 181 68
178 77 180 79
178 80 180 83
178 86 185 86
178 104 181 105
178 111 180 114
178 115 180 117
178 122 181 124
178 136 180 139
178 147 180 149
178 156 180 159
178 160 183 161
178 170 183 171
178 172 182 173
178 176 180 178
178 182 181 184
178 211 179 214
178 223 180 225
178 226 180 228
178 232 182 233
178 236 182 237
178 241 180 244
179 12 181 14
179 15 180 19
179 20 184 21
179 30 182 31
179 41 182 42
179 53 184 54
179 55 182 56
179 96 181 98
179 109 189 109
179 133 183 134
179 140 181 142
179 143 180 146
179 153 189 153
179 154 187 154
179 165 181 167
179 179 181 181
179 185 181 187
179 201 183 202
179 203 181 205
179 206 182 208
179 215 180 218
179 229 181 231
179 248 182 249
180 2 185 3
180 9 182 11
180 22 183 24
180 35 182 37
180 57 182 59
180 69 181 72
180 73 182 75
180 90 184 91
180 93 184 94
180 99 182 101
180 103 187 103
180 118 184 119
180 125 183 127
180 135 190 135
180 150 183 152
180 155 191 155
180 168 184 169
180 188 182 191
180 194 184 195
180 196 182 199
180 209 182 211
180 212 182 214
180 219 181 222
180 238 183 240
181 0 185 1
181 4 185 5
181 15 183 17
181 18 186 19
181 25 183 27
181 32 183 34
181 43 185 44
181 45 186 46
181 48 190 48
181 49 186 50
181 60 184 62
181 76 183 78
181 79 183 81
181 82 183 85
181 87 184 89
181 102 189 102
181 106 183 108
181 111 184 113
181 114 183 116
181 128 183 130
181 131 186 132
181 136 182 139
181 143 183 145
181 146 183 148
181 156 183 159
181 162 183 164
181 174 190 174
181 175 183 178
181 193 190 193
181 215 184 217
181 223 183 225
181 227 185 228
181 234 184 235
181 241 182 244
182 6 184 8
182 12 184 14
182 28 186 29
182 51 192 51
182 63 184 65
182 66 185 68
182 70 185 72
182 95 184 97
182 104 186 105
182 121 184 123
182 124 190 124
182 140 184 142
182 165 187 166
182 179 184 181
182 182 184 185
182 186 186 187
182 203 184 205
182 218 183 221
182 229 184 231
183 9 185 11
183 30 187 31
183 35 185 38
183 39 185 42
183 55 185 57
183 58 190 58
183 69 192 69
183 73 185 75
183 98 185 100
183 136 185 138
183 188 184 191
183 196 185 198
183 199 186 200
183 206 184 211
183 212 186 214
183 222 193 222
183 232 187 233
183 236 186 237
183 241 185 243
183 246 185 248
183 249 192 249
184 15 187 17
184 22 187 24
184 26 188 27
184 32 186 34
184 76 186 78
184 79 186 81
184 82 186 84
184 106 187 108
184 114 186 116
184 125 186 127
184 128 186 130
184 133 189 134
184 143 186 145
184 146 186 148
184 149 186 151
184 156 186 158
184 159 186 161
184 162 187 164
184 170 185 173
184 175 187 177
184 201 188 202
184 218 186 220
184 223 189 224
184 238 186 240
185 6 188 8
185 12 187 14
185 20 188 21
185 25 194 25
185 52 189 53
185 59 189 60
185 61 186 64
185 85 193 85
185 87 186 91
185 92 187 94
185 95 188 97
185 111 187 113
185 117 187 119
185 120 186 123
185 139 187 141
185 167 188 169
185 178 187 180
185 181 187 184
185 188 187 190
185 194 189 195
185 203 187 205
185 206 187 209
185 210 189 211
185 215 188 217
185 221 192 221
185 225 196 225
185 226 196 226
185 229 187 231
185 234 189 235
186 0 188 3
186 4 190 5
186 9 188 11
186 35 188 38
186 39 188 42
186 43 189 44
186 54 189 56
186 65 188 67
186 70 188 73
186 74 190 75
186 86 195 86
186 98 187 101
186 136 191 137
186 170 191 171
186 172 190 173
186 191 191 192
186 196 188 198
186 227 191 228
186 241 188 243
186 244 188 247
186 248 193 248
187 28 191 29
187 32 189 34
187 45 189 47
187 49 190 50
187 61 189 63
187 76 189 79
187 80 189 82
187 83 191 84
187 87 196 87
187 88 192 89
187 90 190 91
187 114 189 116
187 120 189 123
187 125 189 128
187 129 189 131
187 142 189 145
187 146 189 148
187 149 189 151
187 156 189 159
187 160 191 161
187 185 189 187
187 212 189 214
187 218 189 220
187 236 189 238
187 239 191 240
188 12 191 14
188 15 190 18
188 22 190 24
188 30 191 31
188 92 190 94
188 98 190 101
188 103 190 106
188 107 191 108
188 111 191 113
188 117 190 119
188 138 190 141
188 162 190 165
188 175 191 177
188 178 190 181
188 182 191 184
188 188 190 190
188 199 193 200
188 203 190 205
188 206 190 208
188 229 190 231
189 0 191 3
189 6 190 9
189 10 193 11
189 19 192 21
189 26 192 27
189 35 194 36
189 37 194 38
189 39 191 41
189 42 196 42
189 64 191 66
189 67 193 68
189 70 191 73
189 95 192 97
189 166 192 168
189 196 191 198
189 201 194 202
189 215 191 217
189 232 194 233
189 241 191 243
189 244 191 247
190 32 192 34
190 43 193 45
190 46 193 47
190 52 192 54
190 55 193 57
190 59 192 62
190 76 192 79
190 80 192 82
190 109 195 110
190 114 193 116
190 120 192 122
190 125 192 127
190 128 192 131
190 132 193 134
190 142 192 144
190 145 192 147
190 148 192 151
190 152 192 154
190 156 192 159
190 185 192 187
190 194 195 195
190 209 191 212
190 213 194 214
190 218 192 220
190 223 194 224
190 234 193 236
190 237 199 237
191 4 192 7
191 8 194 9
191 15 193 17
191 22 193 24
191 48 193 50
191 75 199 75
191 90 193 93
191 98 193 101
191 102 193 104
191 105 195 106
191 117 194 119
191 123 194 124
191 138 193 141
191 162 193 164
191 172 194 174
191 178 193 181
191 188 193 190
191 193 199 193
191 203 194 205
191 206 193 208
191 229 194 231
192 0 194 2
192 12 194 14
192 28 194 31
192 39 196 40
192 63 194 65
192 70 194 73
192 111 194 113
192 135 197 136
192 169 194 171
192 175 194 177
192 182 195 184
192 196 197 197
192 209 193 212
192 215 194 217
192 238 194 240
192 241 194 243
192 244 194 247
193 3 195 5
193 6 196 7
193 18 196 20
193 26 196 27
193 32 195 34
193 51 195 53
193 58 194 61
193 76 195 78
193 79 195 82
193 88 198 89
193 94 195 97
193 107 198 108
193 120 195 122
193 125 194 128
193 129 195 131
193 142 195 144
193 145 195 147
193 148 195 150
193 151 195 154
193 155 195 157
193 158 195 161
193 165 195 167
193 185 196 187
193 218 195 221
193 227 198 228
194 10 198 11
194 21 195 24
194 43 196 46
194 47 196 49
194 54 196 56
194 66 196 69
194 84 199 85
194 90 196 92
194 99 195 104
194 114 197 116
194 132 197 134
194 137 195 140
194 163 198 164
194 178 196 180
194 188 196 190
194 198 196 200
194 206 195 210
194 212 199 211
194 234 196 236
194 248 197 249
195 8 199 9
195 12 197 15
195 28 197 31
195 35 196 38
195 57 197 59
195 60 197 62
195 63 198 65
195 70 197 73
195 111 197 113
195 118 199 119
195 126 198 128
195 168 198 170
195 171 197 173
195 174 197 177
195 201 197 204
195 213 197 215
195 216 198 217
195 222 197 224
195 229 197 231
195 232 198 233
195 238 197 240
195 241 197 244
195 245 197 247
196 0 197 3
196 4 199 5
196 21 198 23
196 32 198 34
196 50 199 52
196 76 198 78
196 79 197 82
196 93 198 95
196 96 197 101
196 102 198 104
196 120 197 123
196 129 198 131
196 137 198 139
196 140 198 142
196 143 197 148
196 149 197 153
196 154 198 157
196 158 198 161
196 181 199 183
196 205 199 207
196 218 198 220
197 17 199 20
197 24 199 26
197 35 199 37
197 38 199 40
197 41 199 43
197 44 198 48
197 53 199 55
197 66 199 69
197 178 199 180
197 184 199 186
197 187 198 190
197 198 199 200
198 0 199 3
198 12 199 16
198 56 199 61
198 70 199 73
198 96 199 101
198 109 199 113
198 114 199 117
198 120 199 125
198 143 199 148
198 171 199 176
198 221 199 225
198 238 199 242
198 243 199 248
199 86 199 94
199 126 199 133
199 150 199 161
199 162 199 169
199 226 199 235
